nodenumber,    x-coordinate,    y-coordinate,        pressure
         1, 1.500000000E+00,-5.000000000E-01, 1.204460205E+01
         2, 1.500000000E+00,-4.899845864E-01, 1.204482488E+01
         3, 1.500000000E+00,-4.799849448E-01, 1.204638892E+01
         4, 1.500000000E+00,-4.699853033E-01, 1.205766367E+01
         5, 1.500000000E+00,-4.599856618E-01, 1.213711113E+01
         6, 1.500000000E+00,-4.499860203E-01, 1.258941092E+01
         7, 1.500000000E+00,-4.399863788E-01, 1.414902639E+01
         8, 1.500000000E+00,-4.299867372E-01, 1.723481374E+01
         9, 1.500000000E+00,-4.199870957E-01, 2.088345366E+01
        10, 1.500000000E+00,-4.099874542E-01, 2.356760199E+01
        11, 1.500000000E+00,-3.999878127E-01, 2.482812386E+01
        12, 1.500000000E+00,-3.899881711E-01, 2.518252327E+01
        13, 1.500000000E+00,-3.799885296E-01, 2.502728975E+01
        14, 1.500000000E+00,-3.699888881E-01, 2.445806110E+01
        15, 1.500000000E+00,-3.599892466E-01, 2.365216447E+01
        16, 1.500000000E+00,-3.499896050E-01, 2.278026214E+01
        17, 1.500000000E+00,-3.399899635E-01, 2.189595907E+01
        18, 1.500000000E+00,-3.299903220E-01, 2.101289755E+01
        19, 1.500000000E+00,-3.199906805E-01, 2.013608250E+01
        20, 1.500000000E+00,-3.099910390E-01, 1.926948768E+01
        21, 1.500000000E+00,-2.999913974E-01, 1.841760007E+01
        22, 1.500000000E+00,-2.899917559E-01, 1.758563561E+01
        23, 1.500000000E+00,-2.799921144E-01, 1.677918773E+01
        24, 1.500000000E+00,-2.699924729E-01, 1.600366666E+01
        25, 1.500000000E+00,-2.599928313E-01, 1.526340133E+01
        26, 1.500000000E+00,-2.499931898E-01, 1.456113187E+01
        27, 1.500000000E+00,-2.399935483E-01, 1.389816363E+01
        28, 1.500000000E+00,-2.299939068E-01, 1.327502249E+01
        29, 1.500000000E+00,-2.199942652E-01, 1.269172270E+01
        30, 1.500000000E+00,-2.099946237E-01, 1.214744262E+01
        31, 1.500000000E+00,-1.999949822E-01, 1.163904192E+01
        32, 1.500000000E+00,-1.899953407E-01, 1.116092702E+01
        33, 1.500000000E+00,-1.799956992E-01, 1.070478221E+01
        34, 1.500000000E+00,-1.699960576E-01, 1.025959469E+01
        35, 1.500000000E+00,-1.599964161E-01, 9.815962377E+00
        36, 1.500000000E+00,-1.499967746E-01, 9.377908454E+00
        37, 1.500000000E+00,-1.399971331E-01, 8.987194272E+00
        38, 1.500000000E+00,-1.299974915E-01, 8.729470172E+00
        39, 1.500000000E+00,-1.199978500E-01, 8.660506784E+00
        40, 1.500000000E+00,-1.099982085E-01, 8.915835324E+00
        41, 1.500000000E+00,-9.999856697E-02, 9.492951749E+00
        42, 1.500000000E+00,-8.999892544E-02, 1.003248403E+01
        43, 1.500000000E+00,-7.999928392E-02, 1.032381543E+01
        44, 1.500000000E+00,-6.999964240E-02, 1.043558873E+01
        45, 1.500000000E+00,-6.000000087E-02, 1.046239318E+01
        46, 1.500000000E+00,-5.000035935E-02, 1.046471824E+01
        47, 1.500000000E+00,-4.000071783E-02, 1.045793676E+01
        48, 1.500000000E+00,-3.000107631E-02, 1.045150745E+01
        49, 1.500000000E+00,-2.000143478E-02, 1.045133143E+01
        50, 1.500000000E+00,-1.000179326E-02, 1.044840786E+01
        51, 1.500000000E+00,-2.151735662E-06, 1.044282006E+01
        52, 1.500000000E+00, 9.997489788E-03, 1.043598891E+01
        53, 1.500000000E+00, 1.999713131E-02, 1.042806826E+01
        54, 1.500000000E+00, 2.999677283E-02, 1.041876401E+01
        55, 1.500000000E+00, 3.999641436E-02, 1.041620148E+01
        56, 1.500000000E+00, 4.999605588E-02, 1.041650008E+01
        57, 1.500000000E+00, 5.999569740E-02, 1.040819407E+01
        58, 1.500000000E+00, 6.999533893E-02, 1.039227223E+01
        59, 1.500000000E+00, 7.999498045E-02, 1.036678708E+01
        60, 1.500000000E+00, 8.999462197E-02, 1.032748107E+01
        61, 1.500000000E+00, 9.999426350E-02, 1.026725348E+01
        62, 1.500000000E+00, 1.099939050E-01, 1.017692281E+01
        63, 1.500000000E+00, 1.199935465E-01, 1.004348255E+01
        64, 1.500000000E+00, 1.299931881E-01, 9.834757678E+00
        65, 1.500000000E+00, 1.399928296E-01, 9.484457163E+00
        66, 1.500000000E+00, 1.499924711E-01, 8.950412176E+00
        67, 1.500000000E+00, 1.599921126E-01, 8.402554317E+00
        68, 1.500000000E+00, 1.699917542E-01, 8.158672431E+00
        69, 1.500000000E+00, 1.799913957E-01, 8.295314292E+00
        70, 1.500000000E+00, 1.899910372E-01, 8.761210554E+00
        71, 1.500000000E+00, 1.999906787E-01, 9.513713326E+00
        72, 1.500000000E+00, 2.099903203E-01, 1.043332300E+01
        73, 1.500000000E+00, 2.199899618E-01, 1.143010301E+01
        74, 1.500000000E+00, 2.299896033E-01, 1.244227285E+01
        75, 1.500000000E+00, 2.399892448E-01, 1.342578657E+01
        76, 1.500000000E+00, 2.499888863E-01, 1.435434285E+01
        77, 1.500000000E+00, 2.599885279E-01, 1.521515480E+01
        78, 1.500000000E+00, 2.699881694E-01, 1.600963012E+01
        79, 1.500000000E+00, 2.799878109E-01, 1.674992068E+01
        80, 1.500000000E+00, 2.899874524E-01, 1.745255168E+01
        81, 1.500000000E+00, 2.999870940E-01, 1.813294485E+01
        82, 1.500000000E+00, 3.099867355E-01, 1.880352559E+01
        83, 1.500000000E+00, 3.199863770E-01, 1.947411778E+01
        84, 1.500000000E+00, 3.299860185E-01, 2.015406116E+01
        85, 1.500000000E+00, 3.399856601E-01, 2.085372287E+01
        86, 1.500000000E+00, 3.499853016E-01, 2.158444565E+01
        87, 1.500000000E+00, 3.599849431E-01, 2.235745115E+01
        88, 1.500000000E+00, 3.699845846E-01, 2.318235815E+01
        89, 1.500000000E+00, 3.799842261E-01, 2.406586798E+01
        90, 1.500000000E+00, 3.899838677E-01, 2.501133047E+01
        91, 1.500000000E+00, 3.999835092E-01, 2.601890105E+01
        92, 1.500000000E+00, 4.099831507E-01, 2.708585841E+01
        93, 1.500000000E+00, 4.199827922E-01, 2.820677147E+01
        94, 1.500000000E+00, 4.299824338E-01, 2.937378389E+01
        95, 1.500000000E+00, 4.399820753E-01, 3.057965323E+01
        96, 1.500000000E+00, 4.499817168E-01, 3.183433503E+01
        97, 1.500000000E+00, 4.599813583E-01, 3.322361548E+01
        98, 1.500000000E+00, 4.699809999E-01, 3.496702031E+01
        99, 1.500000000E+00, 4.799806414E-01, 3.755144262E+01
       100, 1.500000000E+00, 4.899802829E-01, 4.060703011E+01
       101, 1.500000000E+00, 5.000000000E-01, 4.413061187E+01
