nodenumber,    x-coordinate,    y-coordinate,     temperature,     mach-number,        pressure
         1, 1.500000000E+00,-5.000000000E-01, 2.166502153E+02, 5.999993889E+00, 1.204460205E+01
         2, 1.500000000E+00,-4.899845864E-01, 2.166524677E+02, 5.999961762E+00, 1.204482488E+01
         3, 1.500000000E+00,-4.799849448E-01, 2.166697923E+02, 5.999692058E+00, 1.204638892E+01
         4, 1.500000000E+00,-4.699853033E-01, 2.167878326E+02, 5.997874621E+00, 1.205766367E+01
         5, 1.500000000E+00,-4.599856618E-01, 2.175088524E+02, 5.987110124E+00, 1.213711113E+01
         6, 1.500000000E+00,-4.499860203E-01, 2.209317059E+02, 5.938216074E+00, 1.258941092E+01
         7, 1.500000000E+00,-4.399863788E-01, 2.308084469E+02, 5.801648803E+00, 1.414902639E+01
         8, 1.500000000E+00,-4.299867372E-01, 2.465807979E+02, 5.589481991E+00, 1.723481374E+01
         9, 1.500000000E+00,-4.199870957E-01, 2.609708405E+02, 5.400593348E+00, 2.088345366E+01
        10, 1.500000000E+00,-4.099874542E-01, 2.689668421E+02, 5.297626877E+00, 2.356760199E+01
        11, 1.500000000E+00,-3.999878127E-01, 2.718984921E+02, 5.260524970E+00, 2.482812386E+01
        12, 1.500000000E+00,-3.899881711E-01, 2.724787887E+02, 5.253108345E+00, 2.518252327E+01
        13, 1.500000000E+00,-3.799885296E-01, 2.716581215E+02, 5.261679420E+00, 2.502728975E+01
        14, 1.500000000E+00,-3.699888881E-01, 2.696831640E+02, 5.283665913E+00, 2.445806110E+01
        15, 1.500000000E+00,-3.599892466E-01, 2.671709978E+02, 5.312790737E+00, 2.365216447E+01
        16, 1.500000000E+00,-3.499896050E-01, 2.645019171E+02, 5.344346903E+00, 2.278026214E+01
        17, 1.500000000E+00,-3.399899635E-01, 2.617629718E+02, 5.377173810E+00, 2.189595907E+01
        18, 1.500000000E+00,-3.299903220E-01, 2.589782352E+02, 5.411013920E+00, 2.101289755E+01
        19, 1.500000000E+00,-3.199906805E-01, 2.561564754E+02, 5.445803315E+00, 2.013608250E+01
        20, 1.500000000E+00,-3.099910390E-01, 2.533016136E+02, 5.481535639E+00, 1.926948768E+01
        21, 1.500000000E+00,-2.999913974E-01, 2.504196190E+02, 5.518179856E+00, 1.841760007E+01
        22, 1.500000000E+00,-2.899917559E-01, 2.475202145E+02, 5.555654504E+00, 1.758563561E+01
        23, 1.500000000E+00,-2.799921144E-01, 2.446156014E+02, 5.593831568E+00, 1.677918773E+01
        24, 1.500000000E+00,-2.699924729E-01, 2.417193161E+02, 5.632552748E+00, 1.600366666E+01
        25, 1.500000000E+00,-2.599928313E-01, 2.388430162E+02, 5.671672741E+00, 1.526340133E+01
        26, 1.500000000E+00,-2.499931898E-01, 2.359944576E+02, 5.711093627E+00, 1.456113187E+01
        27, 1.500000000E+00,-2.399935483E-01, 2.331800194E+02, 5.750731777E+00, 1.389816363E+01
        28, 1.500000000E+00,-2.299939068E-01, 2.304081449E+02, 5.790466158E+00, 1.327502249E+01
        29, 1.500000000E+00,-2.199942652E-01, 2.276897396E+02, 5.830130599E+00, 1.269172270E+01
        30, 1.500000000E+00,-2.099946237E-01, 2.250367781E+02, 5.869527491E+00, 1.214744262E+01
        31, 1.500000000E+00,-1.999949822E-01, 2.224687667E+02, 5.908301309E+00, 1.163904192E+01
        32, 1.500000000E+00,-1.899953407E-01, 2.199931199E+02, 5.946263938E+00, 1.116092702E+01
        33, 1.500000000E+00,-1.799956992E-01, 2.176050341E+02, 5.983407207E+00, 1.070478221E+01
        34, 1.500000000E+00,-1.699960576E-01, 2.153085731E+02, 6.019567332E+00, 1.025959469E+01
        35, 1.500000000E+00,-1.599964161E-01, 2.131378210E+02, 6.054124050E+00, 9.815962377E+00
        36, 1.500000000E+00,-1.499967746E-01, 2.112586762E+02, 6.084454553E+00, 9.377908454E+00
        37, 1.500000000E+00,-1.399971331E-01, 2.101912412E+02, 6.102113315E+00, 8.987194272E+00
        38, 1.500000000E+00,-1.299974915E-01, 2.107005813E+02, 6.093619254E+00, 8.729470172E+00
        39, 1.500000000E+00,-1.199978500E-01, 2.136462211E+02, 6.045340451E+00, 8.660506784E+00
        40, 1.500000000E+00,-1.099982085E-01, 2.208687327E+02, 5.932264064E+00, 8.915835324E+00
        41, 1.500000000E+00,-9.999856697E-02, 2.332580787E+02, 5.747547498E+00, 9.492951749E+00
        42, 1.500000000E+00,-8.999892544E-02, 2.507433367E+02, 5.506095383E+00, 1.003248403E+01
        43, 1.500000000E+00,-7.999928392E-02, 2.761295622E+02, 5.194455578E+00, 1.032381543E+01
        44, 1.500000000E+00,-6.999964240E-02, 3.150913101E+02, 4.786612254E+00, 1.043558873E+01
        45, 1.500000000E+00,-6.000000087E-02, 3.747018662E+02, 4.280837761E+00, 1.046239318E+01
        46, 1.500000000E+00,-5.000035935E-02, 4.626629033E+02, 3.707237382E+00, 1.046471824E+01
        47, 1.500000000E+00,-4.000071783E-02, 5.868370696E+02, 3.116930352E+00, 1.045793676E+01
        48, 1.500000000E+00,-3.000107631E-02, 7.470281969E+02, 2.574879889E+00, 1.045150745E+01
        49, 1.500000000E+00,-2.000143478E-02, 9.363137046E+02, 2.126629475E+00, 1.045133143E+01
        50, 1.500000000E+00,-1.000179326E-02, 1.141677793E+03, 1.783791990E+00, 1.044840786E+01
        51, 1.500000000E+00,-2.151735662E-06, 1.339184281E+03, 1.542390843E+00, 1.044282006E+01
        52, 1.500000000E+00, 9.997489788E-03, 1.501298194E+03, 1.387793682E+00, 1.043598891E+01
        53, 1.500000000E+00, 1.999713131E-02, 1.603485393E+03, 1.305666974E+00, 1.042806826E+01
        54, 1.500000000E+00, 2.999677283E-02, 1.630247195E+03, 1.286080166E+00, 1.041876401E+01
        55, 1.500000000E+00, 3.999641436E-02, 1.578407017E+03, 1.325130089E+00, 1.041620148E+01
        56, 1.500000000E+00, 4.999605588E-02, 1.460585322E+03, 1.424015932E+00, 1.041650008E+01
        57, 1.500000000E+00, 5.999569740E-02, 1.299595397E+03, 1.586887350E+00, 1.040819407E+01
        58, 1.500000000E+00, 6.999533893E-02, 1.119561837E+03, 1.818838112E+00, 1.039227223E+01
        59, 1.500000000E+00, 7.999498045E-02, 9.423500357E+02, 2.120904577E+00, 1.036678708E+01
        60, 1.500000000E+00, 8.999462197E-02, 7.832623316E+02, 2.484652540E+00, 1.032748107E+01
        61, 1.500000000E+00, 9.999426350E-02, 6.492603468E+02, 2.892193935E+00, 1.026725348E+01
        62, 1.500000000E+00, 1.099939050E-01, 5.410907986E+02, 3.320666884E+00, 1.017692281E+01
        63, 1.500000000E+00, 1.199935465E-01, 4.569245149E+02, 3.745914783E+00, 1.004348255E+01
        64, 1.500000000E+00, 1.299931881E-01, 3.928637188E+02, 4.149998398E+00, 9.834757678E+00
        65, 1.500000000E+00, 1.399928296E-01, 3.440865301E+02, 4.524590654E+00, 9.484457163E+00
        66, 1.500000000E+00, 1.499924711E-01, 3.066738958E+02, 4.865962051E+00, 8.950412176E+00
        67, 1.500000000E+00, 1.599921126E-01, 2.784741197E+02, 5.162641743E+00, 8.402554317E+00
        68, 1.500000000E+00, 1.699917542E-01, 2.595177341E+02, 5.385442327E+00, 8.158672431E+00
        69, 1.500000000E+00, 1.799913957E-01, 2.485193878E+02, 5.526905898E+00, 8.295314292E+00
        70, 1.500000000E+00, 1.899910372E-01, 2.430970419E+02, 5.601517176E+00, 8.761210554E+00
        71, 1.500000000E+00, 1.999906787E-01, 2.416466753E+02, 5.623923105E+00, 9.513713326E+00
        72, 1.500000000E+00, 2.099903203E-01, 2.424355913E+02, 5.615686088E+00, 1.043332300E+01
        73, 1.500000000E+00, 2.199899618E-01, 2.444496365E+02, 5.590980875E+00, 1.143010301E+01
        74, 1.500000000E+00, 2.299896033E-01, 2.471025310E+02, 5.557841373E+00, 1.244227285E+01
        75, 1.500000000E+00, 2.399892448E-01, 2.500173117E+02, 5.521418375E+00, 1.342578657E+01
        76, 1.500000000E+00, 2.499888863E-01, 2.530223311E+02, 5.484105574E+00, 1.435434285E+01
        77, 1.500000000E+00, 2.599885279E-01, 2.560313315E+02, 5.447013687E+00, 1.521515480E+01
        78, 1.500000000E+00, 2.699881694E-01, 2.590258185E+02, 5.410401060E+00, 1.600963012E+01
        79, 1.500000000E+00, 2.799878109E-01, 2.620124765E+02, 5.374269217E+00, 1.674992068E+01
        80, 1.500000000E+00, 2.899874524E-01, 2.649703999E+02, 5.338928310E+00, 1.745255168E+01
        81, 1.500000000E+00, 2.999870940E-01, 2.678602125E+02, 5.304864850E+00, 1.813294485E+01
        82, 1.500000000E+00, 3.099867355E-01, 2.706502788E+02, 5.272448199E+00, 1.880352559E+01
        83, 1.500000000E+00, 3.199863770E-01, 2.733175330E+02, 5.241905815E+00, 1.947411778E+01
        84, 1.500000000E+00, 3.299860185E-01, 2.758575214E+02, 5.213226996E+00, 2.015406116E+01
        85, 1.500000000E+00, 3.399856601E-01, 2.782868044E+02, 5.186157607E+00, 2.085372287E+01
        86, 1.500000000E+00, 3.499853016E-01, 2.806363864E+02, 5.160294058E+00, 2.158444565E+01
        87, 1.500000000E+00, 3.599849431E-01, 2.829480255E+02, 5.135143270E+00, 2.235745115E+01
        88, 1.500000000E+00, 3.699845846E-01, 2.852646957E+02, 5.110231026E+00, 2.318235815E+01
        89, 1.500000000E+00, 3.799842261E-01, 2.876168917E+02, 5.085235833E+00, 2.406586798E+01
        90, 1.500000000E+00, 3.899838677E-01, 2.900210962E+02, 5.059994049E+00, 2.501133047E+01
        91, 1.500000000E+00, 3.999835092E-01, 2.924813872E+02, 5.034479181E+00, 2.601890105E+01
        92, 1.500000000E+00, 4.099831507E-01, 2.949899883E+02, 5.008787379E+00, 2.708585841E+01
        93, 1.500000000E+00, 4.199827922E-01, 2.975275408E+02, 4.983127057E+00, 2.820677147E+01
        94, 1.500000000E+00, 4.299824338E-01, 3.000651053E+02, 4.957791895E+00, 2.937378389E+01
        95, 1.500000000E+00, 4.399820753E-01, 3.025781578E+02, 4.933017561E+00, 3.057965323E+01
        96, 1.500000000E+00, 4.499817168E-01, 3.051121358E+02, 4.908328380E+00, 3.183433503E+01
        97, 1.500000000E+00, 4.599813583E-01, 3.079768509E+02, 4.880774588E+00, 3.322361548E+01
        98, 1.500000000E+00, 4.699809999E-01, 3.121753663E+02, 4.841306516E+00, 3.496702031E+01
        99, 1.500000000E+00, 4.799806414E-01, 3.190777166E+02, 4.778334869E+00, 3.755144262E+01
       100, 1.500000000E+00, 4.899802829E-01, 3.306640451E+02, 4.677608931E+00, 4.060703011E+01
       101, 1.500000000E+00, 5.000000000E-01, 3.395832696E+02, 4.615355151E+00, 4.413061187E+01
