nodenumber,    x-coordinate,    y-coordinate,        pressure,     mach-number,     temperature,               e
         1,-3.812569726E-03,-4.357787137E-02, 0, 0, 0, 0
         2, 2.462335451E-03,-4.357787137E-02, 0, 0, 0, 0
         3, 8.736174709E-03,-4.357787137E-02, 0, 0, 0, 0
         4, 1.501001397E-02,-4.357787137E-02, 0, 0, 0, 0
         5, 2.128385323E-02,-4.357787137E-02, 0, 0, 0, 0
         6, 2.755769248E-02,-4.357787137E-02, 0, 0, 0, 0
         7, 3.383153174E-02,-4.357787137E-02, 0, 0, 0, 0
         8, 4.010537100E-02,-4.357787137E-02, 0, 0, 0, 0
         9, 4.637921026E-02,-4.357787137E-02, 0, 0, 0, 0
        10, 5.265304952E-02,-4.357787137E-02, 0, 0, 0, 0
        11, 5.892688878E-02,-4.357787137E-02, 0, 0, 0, 0
        12, 6.520072804E-02,-4.357787137E-02, 0, 0, 0, 0
        13, 7.147456729E-02,-4.357787137E-02, 0, 0, 0, 0
        14, 7.774840655E-02,-4.357787137E-02, 0, 0, 0, 0
        15, 8.402224581E-02,-4.357787137E-02, 0, 0, 0, 0
        16, 9.029608507E-02,-4.357787137E-02, 0, 0, 0, 0
        17, 9.656992433E-02,-4.357787137E-02, 0, 0, 0, 0
        18, 1.028437636E-01,-4.357787137E-02, 0, 0, 0, 0
        19, 1.091176028E-01,-4.357787137E-02, 0, 0, 0, 0
        20, 1.153914421E-01,-4.357787137E-02, 0, 0, 0, 0
        21, 1.216652814E-01,-4.357787137E-02, 0, 0, 0, 0
        22, 1.279391206E-01,-4.357787137E-02, 0, 0, 0, 0
        23, 1.342129599E-01,-4.357787137E-02, 0, 0, 0, 0
        24, 1.404867991E-01,-4.357787137E-02, 0, 0, 0, 0
        25, 1.467606384E-01,-4.357787137E-02, 0, 0, 0, 0
        26, 1.530344777E-01,-4.357787137E-02, 0, 0, 0, 0
        27, 1.593083169E-01,-4.357787137E-02, 0, 0, 0, 0
        28, 1.655821562E-01,-4.357787137E-02, 0, 0, 0, 0
        29, 1.718559954E-01,-4.357787137E-02, 0, 0, 0, 0
        30, 1.781298347E-01,-4.357787137E-02, 0, 0, 0, 0
        31, 1.844036739E-01,-4.357787137E-02, 0, 0, 0, 0
        32, 1.906775132E-01,-4.357787137E-02, 0, 0, 0, 0
        33, 1.969513525E-01,-4.357787137E-02, 0, 0, 0, 0
        34, 2.032251917E-01,-4.357787137E-02, 0, 0, 0, 0
        35, 2.094990310E-01,-4.357787137E-02, 0, 0, 0, 0
        36, 2.157728702E-01,-4.357787137E-02, 0, 0, 0, 0
        37, 2.220467095E-01,-4.357787137E-02, 0, 0, 0, 0
        38, 2.283205488E-01,-4.357787137E-02, 0, 0, 0, 0
        39, 2.345943880E-01,-4.357787137E-02, 0, 0, 0, 0
        40, 2.408682273E-01,-4.357787137E-02, 0, 0, 0, 0
        41, 2.471420665E-01,-4.357787137E-02, 0, 0, 0, 0
        42, 2.534159058E-01,-4.357787137E-02, 0, 0, 0, 0
        43, 2.596897450E-01,-4.357787137E-02, 0, 0, 0, 0
        44, 2.659635843E-01,-4.357787137E-02, 0, 0, 0, 0
        45, 2.722374236E-01,-4.357787137E-02, 0, 0, 0, 0
        46, 2.785112628E-01,-4.357787137E-02, 0, 0, 0, 0
        47, 2.847851021E-01,-4.357787137E-02, 0, 0, 0, 0
        48, 2.910589413E-01,-4.357787137E-02, 0, 0, 0, 0
        49, 2.973327806E-01,-4.357787137E-02, 0, 0, 0, 0
        50, 3.036066199E-01,-4.357787137E-02, 0, 0, 0, 0
        51, 3.098804591E-01,-4.357787137E-02, 0, 0, 0, 0
        52, 3.161542984E-01,-4.357787137E-02, 0, 0, 0, 0
        53, 3.224281376E-01,-4.357787137E-02, 0, 0, 0, 0
        54, 3.287019769E-01,-4.357787137E-02, 0, 0, 0, 0
        55, 3.349758161E-01,-4.357787137E-02, 0, 0, 0, 0
        56, 3.412496554E-01,-4.357787137E-02, 0, 0, 0, 0
        57, 3.475234947E-01,-4.357787137E-02, 0, 0, 0, 0
        58, 3.537973339E-01,-4.357787137E-02, 0, 0, 0, 0
        59, 3.600711732E-01,-4.357787137E-02, 0, 0, 0, 0
        60, 3.663450124E-01,-4.357787137E-02, 0, 0, 0, 0
        61, 3.726188517E-01,-4.357787137E-02, 0, 0, 0, 0
        62, 3.788926910E-01,-4.357787137E-02, 0, 0, 0, 0
        63, 3.851665302E-01,-4.357787137E-02, 0, 0, 0, 0
        64, 3.914403695E-01,-4.357787137E-02, 0, 0, 0, 0
        65, 3.977142087E-01,-4.357787137E-02, 0, 0, 0, 0
        66, 4.039880480E-01,-4.357787137E-02, 0, 0, 0, 0
        67, 4.102618873E-01,-4.357787137E-02, 0, 0, 0, 0
        68, 4.165357265E-01,-4.357787137E-02, 0, 0, 0, 0
        69, 4.228095658E-01,-4.357787137E-02, 0, 0, 0, 0
        70, 4.290834050E-01,-4.357787137E-02, 0, 0, 0, 0
        71, 4.353572443E-01,-4.357787137E-02, 0, 0, 0, 0
        72, 4.416310835E-01,-4.357787137E-02, 0, 0, 0, 0
        73, 4.479049228E-01,-4.357787137E-02, 0, 0, 0, 0
        74, 4.541787621E-01,-4.357787137E-02, 0, 0, 0, 0
        75, 4.604526013E-01,-4.357787137E-02, 0, 0, 0, 0
        76, 4.667264406E-01,-4.357787137E-02, 0, 0, 0, 0
        77, 4.730002798E-01,-4.357787137E-02, 0, 0, 0, 0
        78, 4.792741191E-01,-4.357787137E-02, 0, 0, 0, 0
        79, 4.855479584E-01,-4.357787137E-02, 0, 0, 0, 0
        80, 4.918217976E-01,-4.357787137E-02, 0, 0, 0, 0
        81, 4.980973490E-01,-4.357787137E-02, 0, 0, 0, 0
        82,-9.993720095E-03,-4.248796779E-02, 0, 0, 0, 0
        83, 4.919159435E-01,-4.248792280E-02, 0, 0, 0, 0
        84,-1.617463480E-02,-4.139810576E-02, 0, 0, 0, 0
        85, 4.857355873E-01,-4.139815926E-02, 0, 0, 0, 0
        86,-2.235173259E-02,-4.030891676E-02, 0, 0, 0, 0
        87, 4.795584586E-01,-4.030896479E-02, 0, 0, 0, 0
        88,-2.852883038E-02,-3.921972776E-02, 0, 0, 0, 0
        89, 4.733813298E-01,-3.921977033E-02, 0, 0, 0, 0
        90,-3.470592817E-02,-3.813053876E-02, 0, 0, 0, 0
        91, 4.672042011E-01,-3.813057587E-02, 0, 0, 0, 0
        92, 4.610270723E-01,-3.704138140E-02, 0, 0, 0, 0
        93,-4.088371286E-02,-3.704122863E-02, 0, 0, 0, 0
        94, 4.548499435E-01,-3.595218694E-02, 0, 0, 0, 0
        95,-4.706352064E-02,-3.595156179E-02, 0, 0, 0, 0
        96, 4.486687913E-01,-3.486228302E-02, 0, 0, 0, 0
        97,-5.324418013E-02,-3.486174476E-02, 0, 0, 0, 0
        98, 4.424895592E-01,-3.377271768E-02, 0, 0, 0, 0
        99,-5.942343276E-02,-3.377217580E-02, 0, 0, 0, 0
       100, 4.363124304E-01,-3.268352322E-02, 0, 0, 0, 0
       101,-6.560053055E-02,-3.268298680E-02, 0, 0, 0, 0
       102, 4.301353016E-01,-3.159432875E-02, 0, 0, 0, 0
       103,-7.177762834E-02,-3.159379780E-02, 0, 0, 0, 0
       104, 4.239581729E-01,-3.050513429E-02, 0, 0, 0, 0
       105,-7.795472612E-02,-3.050460879E-02, 0, 0, 0, 0
       106, 4.177773587E-01,-2.941528999E-02, 0, 0, 0, 0
       107,-8.413558123E-02,-2.941475727E-02, 0, 0, 0, 0
       108, 4.115964857E-01,-2.832543530E-02, 0, 0, 0, 0
       109,-9.031678723E-02,-2.832484388E-02, 0, 0, 0, 0
       110, 4.054181087E-01,-2.723602075E-02, 0, 0, 0, 0
       111,-9.649544713E-02,-2.723537944E-02, 0, 0, 0, 0
       112, 3.992409800E-01,-2.614682629E-02, 0, 0, 0, 0
       113,-1.026725449E-01,-2.614619044E-02, 0, 0, 0, 0
       114, 3.930638512E-01,-2.505763183E-02, 0, 0, 0, 0
       115,-1.088496427E-01,-2.505700143E-02, 0, 0, 0, 0
       116, 3.868867224E-01,-2.396843736E-02, 0, 0, 0, 0
       117,-1.150267405E-01,-2.396781243E-02, 0, 0, 0, 0
       118, 3.807095937E-01,-2.287924290E-02, 0, 0, 0, 0
       119,-1.212038383E-01,-2.287862343E-02, 0, 0, 0, 0
       120, 3.745277321E-01,-2.178921391E-02, 0, 0, 0, 0
       121,-1.273850948E-01,-2.178870113E-02, 0, 0, 0, 0
       122, 3.683458366E-01,-2.069917894E-02, 0, 0, 0, 0
       123,-1.335669767E-01,-2.069866855E-02, 0, 0, 0, 0
       124, 3.621673045E-01,-1.960973703E-02, 0, 0, 0, 0
       125,-1.397456952E-01,-1.960919378E-02, 0, 0, 0, 0
       126, 3.559901757E-01,-1.852054256E-02, 0, 0, 0, 0
       127,-1.459227930E-01,-1.852000478E-02, 0, 0, 0, 0
       128, 3.498130469E-01,-1.743134810E-02, 0, 0, 0, 0
       129,-1.520998908E-01,-1.743081577E-02, 0, 0, 0, 0
       130, 3.436359182E-01,-1.634215364E-02, 0, 0, 0, 0
       131,-1.582769886E-01,-1.634162677E-02, 0, 0, 0, 0
       132, 3.374587894E-01,-1.525295917E-02, 0, 0, 0, 0
       133,-1.644548420E-01,-1.525230452E-02, 0, 0, 0, 0
       134, 3.312787955E-01,-1.416325950E-02, 0, 0, 0, 0
       135,-1.706345241E-01,-1.416265985E-02, 0, 0, 0, 0
       136, 3.250964996E-01,-1.307315393E-02, 0, 0, 0, 0
       137,-1.768162298E-01,-1.307265833E-02, 0, 0, 0, 0
       138, 3.189184735E-01,-1.198380124E-02, 0, 0, 0, 0
       139,-1.829942457E-01,-1.198330744E-02, 0, 0, 0, 0
       140, 3.127413447E-01,-1.089460677E-02, 0, 0, 0, 0
       141,-1.891713435E-01,-1.089411844E-02, 0, 0, 0, 0
       142, 3.065642160E-01,-9.805412310E-03, 0, 0, 0, 0
       143,-1.953484413E-01,-9.804929437E-03, 0, 0, 0, 0
       144, 3.003869360E-01,-8.716191191E-03, 0, 0, 0, 0
       145,-2.015255391E-01,-8.715740434E-03, 0, 0, 0, 0
       146, 2.942050239E-01,-7.626153291E-03, 0, 0, 0, 0
       147,-2.077077116E-01,-7.625656628E-03, 0, 0, 0, 0
       148, 2.880246993E-01,-6.536395311E-03, 0, 0, 0, 0
       149,-2.138882863E-01,-6.535854550E-03, 0, 0, 0, 0
       150, 2.818472072E-01,-5.447136785E-03, 0, 0, 0, 0
       151,-2.200662060E-01,-5.446520615E-03, 0, 0, 0, 0
       152, 2.756700784E-01,-4.357942321E-03, 0, 0, 0, 0
       153,-2.262433038E-01,-4.357331612E-03, 0, 0, 0, 0
       154, 2.694929497E-01,-3.268747858E-03, 0, 0, 0, 0
       155,-2.324204016E-01,-3.268142609E-03, 0, 0, 0, 0
       156, 2.633158209E-01,-2.179553394E-03, 0, 0, 0, 0
       157,-2.385974994E-01,-2.178953607E-03, 0, 0, 0, 0
       158, 2.571382760E-01,-1.090285556E-03, 0, 0, 0, 0
       159,-2.447745972E-01,-1.089764604E-03, 0, 0, 0, 0
       160, 2.509560260E-01,-1.880779461E-07, 0, 0, 0, 0
       161,-2.509564665E-01, 2.657362731E-07, 0, 0, 0, 0
       162, 2.447739084E-01, 1.089886056E-03, 0, 0, 0, 0
       163,-2.571387907E-01, 1.090376298E-03, 0, 0, 0, 0
       164, 2.385965894E-01, 2.179114075E-03, 0, 0, 0, 0
       165,-2.633165496E-01, 2.179681877E-03, 0, 0, 0, 0
       166, 2.324194606E-01, 3.268308538E-03, 0, 0, 0, 0
       167,-2.694936474E-01, 3.268870880E-03, 0, 0, 0, 0
       168, 2.262423318E-01, 4.357503002E-03, 0, 0, 0, 0
       169,-2.756707452E-01, 4.358059883E-03, 0, 0, 0, 0
       170, 2.200652031E-01, 5.446697465E-03, 0, 0, 0, 0
       171,-2.818479057E-01, 5.447259952E-03, 0, 0, 0, 0
       172, 2.138874962E-01, 6.535993872E-03, 0, 0, 0, 0
       173,-2.880256667E-01, 6.536565891E-03, 0, 0, 0, 0
       174, 2.077070359E-01, 7.625775764E-03, 0, 0, 0, 0
       175,-2.942058861E-01, 7.626305314E-03, 0, 0, 0, 0
       176, 2.015249467E-01, 8.715844893E-03, 0, 0, 0, 0
       177,-3.003874481E-01, 8.716281487E-03, 0, 0, 0, 0
       178, 1.953478107E-01, 9.805040628E-03, 0, 0, 0, 0
       179,-3.065648377E-01, 9.805521943E-03, 0, 0, 0, 0
       180, 1.891706820E-01, 1.089423509E-02, 0, 0, 0, 0
       181,-3.127419355E-01, 1.089471095E-02, 0, 0, 0, 0
       182, 1.829935532E-01, 1.198342955E-02, 0, 0, 0, 0
       183,-3.189190333E-01, 1.198389995E-02, 0, 0, 0, 0
       184, 1.768155001E-01, 1.307278701E-02, 0, 0, 0, 0
       185,-3.250969542E-01, 1.307323410E-02, 0, 0, 0, 0
       186, 1.706334248E-01, 1.416285367E-02, 0, 0, 0, 0
       187,-3.312794236E-01, 1.416337026E-02, 0, 0, 0, 0
       188, 1.644537625E-01, 1.525249487E-02, 0, 0, 0, 0
       189,-3.374597597E-01, 1.525313025E-02, 0, 0, 0, 0
       190, 1.582766338E-01, 1.634168934E-02, 0, 0, 0, 0
       191,-3.436368575E-01, 1.634231925E-02, 0, 0, 0, 0
       192, 1.520995050E-01, 1.743088380E-02, 0, 0, 0, 0
       193,-3.498139552E-01, 1.743150825E-02, 0, 0, 0, 0
       194, 1.459223762E-01, 1.852007826E-02, 0, 0, 0, 0
       195,-3.559910530E-01, 1.852069726E-02, 0, 0, 0, 0
       196, 1.397452475E-01, 1.960927273E-02, 0, 0, 0, 0
       197,-3.621681508E-01, 1.960988626E-02, 0, 0, 0, 0
       198, 1.335666062E-01, 2.069873389E-02, 0, 0, 0, 0
       199,-3.683464893E-01, 2.069929404E-02, 0, 0, 0, 0
       200, 1.273846861E-01, 2.178877320E-02, 0, 0, 0, 0
       201,-3.745282861E-01, 2.178931160E-02, 0, 0, 0, 0
       202, 1.212031816E-01, 2.287873921E-02, 0, 0, 0, 0
       203,-3.807104762E-01, 2.287939852E-02, 0, 0, 0, 0
       204, 1.150260529E-01, 2.396793368E-02, 0, 0, 0, 0
       205,-3.868875740E-01, 2.396858752E-02, 0, 0, 0, 0
       206, 1.088489241E-01, 2.505712814E-02, 0, 0, 0, 0
       207,-3.930646718E-01, 2.505777652E-02, 0, 0, 0, 0
       208, 1.026717954E-01, 2.614632260E-02, 0, 0, 0, 0
       209,-3.992417696E-01, 2.614696553E-02, 0, 0, 0, 0
       210, 9.649466660E-02, 2.723551707E-02, 0, 0, 0, 0
       211,-4.054189327E-01, 2.723616604E-02, 0, 0, 0, 0
       212, 9.031618278E-02, 2.832495046E-02, 0, 0, 0, 0
       213,-4.115973679E-01, 2.832559087E-02, 0, 0, 0, 0
       214, 8.413508982E-02, 2.941484392E-02, 0, 0, 0, 0
       215,-4.177780398E-01, 2.941541008E-02, 0, 0, 0, 0
       216, 7.795423564E-02, 3.050469528E-02, 0, 0, 0, 0
       217,-4.239587941E-01, 3.050524382E-02, 0, 0, 0, 0
       218, 7.177710688E-02, 3.159388974E-02, 0, 0, 0, 0
       219,-4.301358919E-01, 3.159443282E-02, 0, 0, 0, 0
       220, 6.559997812E-02, 3.268308421E-02, 0, 0, 0, 0
       221,-4.363129896E-01, 3.268362183E-02, 0, 0, 0, 0
       222, 5.942284936E-02, 3.377227867E-02, 0, 0, 0, 0
       223,-4.424900874E-01, 3.377281083E-02, 0, 0, 0, 0
       224, 5.324354836E-02, 3.486185616E-02, 0, 0, 0, 0
       225,-4.486690961E-01, 3.486233677E-02, 0, 0, 0, 0
       226, 4.706266419E-02, 3.595171280E-02, 0, 0, 0, 0
       227,-4.548505028E-01, 3.595228556E-02, 0, 0, 0, 0
       228, 4.088312998E-02, 3.704133141E-02, 0, 0, 0, 0
       229,-4.610276006E-01, 3.704147456E-02, 0, 0, 0, 0
       230,-4.672046984E-01, 3.813066356E-02, 0, 0, 0, 0
       231, 3.470584186E-02, 3.813055397E-02, 0, 0, 0, 0
       232,-4.733817962E-01, 3.921985257E-02, 0, 0, 0, 0
       233, 2.852871310E-02, 3.921974844E-02, 0, 0, 0, 0
       234,-4.795588940E-01, 4.030904157E-02, 0, 0, 0, 0
       235, 2.235158434E-02, 4.030894290E-02, 0, 0, 0, 0
       236,-4.857359918E-01, 4.139823057E-02, 0, 0, 0, 0
       237, 1.617445558E-02, 4.139813736E-02, 0, 0, 0, 0
       238,-4.919158808E-01, 4.248791175E-02, 0, 0, 0, 0
       239, 9.993802674E-03, 4.248795323E-02, 0, 0, 0, 0
       240,-4.980973490E-01, 4.357787137E-02, 0, 0, 0, 0
       241,-4.918220133E-01, 4.357787137E-02, 0, 0, 0, 0
       242,-4.855481729E-01, 4.357787137E-02, 0, 0, 0, 0
       243,-4.792743325E-01, 4.357787137E-02, 0, 0, 0, 0
       244,-4.730004922E-01, 4.357787137E-02, 0, 0, 0, 0
       245,-4.667266518E-01, 4.357787137E-02, 0, 0, 0, 0
       246,-4.604528114E-01, 4.357787137E-02, 0, 0, 0, 0
       247,-4.541789710E-01, 4.357787137E-02, 0, 0, 0, 0
       248,-4.479051306E-01, 4.357787137E-02, 0, 0, 0, 0
       249,-4.416312903E-01, 4.357787137E-02, 0, 0, 0, 0
       250,-4.353574499E-01, 4.357787137E-02, 0, 0, 0, 0
       251,-4.290836095E-01, 4.357787137E-02, 0, 0, 0, 0
       252,-4.228097691E-01, 4.357787137E-02, 0, 0, 0, 0
       253,-4.165359287E-01, 4.357787137E-02, 0, 0, 0, 0
       254,-4.102620884E-01, 4.357787137E-02, 0, 0, 0, 0
       255,-4.039882480E-01, 4.357787137E-02, 0, 0, 0, 0
       256,-3.977144076E-01, 4.357787137E-02, 0, 0, 0, 0
       257,-3.914405672E-01, 4.357787137E-02, 0, 0, 0, 0
       258,-3.851667268E-01, 4.357787137E-02, 0, 0, 0, 0
       259,-3.788928865E-01, 4.357787137E-02, 0, 0, 0, 0
       260,-3.726190461E-01, 4.357787137E-02, 0, 0, 0, 0
       261,-3.663452057E-01, 4.357787137E-02, 0, 0, 0, 0
       262,-3.600713653E-01, 4.357787137E-02, 0, 0, 0, 0
       263,-3.537975249E-01, 4.357787137E-02, 0, 0, 0, 0
       264,-3.475236846E-01, 4.357787137E-02, 0, 0, 0, 0
       265,-3.412498442E-01, 4.357787137E-02, 0, 0, 0, 0
       266,-3.349760038E-01, 4.357787137E-02, 0, 0, 0, 0
       267,-3.287021634E-01, 4.357787137E-02, 0, 0, 0, 0
       268,-3.224283230E-01, 4.357787137E-02, 0, 0, 0, 0
       269,-3.161544827E-01, 4.357787137E-02, 0, 0, 0, 0
       270,-3.098806423E-01, 4.357787137E-02, 0, 0, 0, 0
       271,-3.036068019E-01, 4.357787137E-02, 0, 0, 0, 0
       272,-2.973329615E-01, 4.357787137E-02, 0, 0, 0, 0
       273,-2.910591211E-01, 4.357787137E-02, 0, 0, 0, 0
       274,-2.847852808E-01, 4.357787137E-02, 0, 0, 0, 0
       275,-2.785114404E-01, 4.357787137E-02, 0, 0, 0, 0
       276,-2.722376000E-01, 4.357787137E-02, 0, 0, 0, 0
       277,-2.659637596E-01, 4.357787137E-02, 0, 0, 0, 0
       278,-2.596899192E-01, 4.357787137E-02, 0, 0, 0, 0
       279,-2.534160789E-01, 4.357787137E-02, 0, 0, 0, 0
       280,-2.471422385E-01, 4.357787137E-02, 0, 0, 0, 0
       281,-2.408683981E-01, 4.357787137E-02, 0, 0, 0, 0
       282,-2.345945577E-01, 4.357787137E-02, 0, 0, 0, 0
       283,-2.283207173E-01, 4.357787137E-02, 0, 0, 0, 0
       284,-2.220468770E-01, 4.357787137E-02, 0, 0, 0, 0
       285,-2.157730366E-01, 4.357787137E-02, 0, 0, 0, 0
       286,-2.094991962E-01, 4.357787137E-02, 0, 0, 0, 0
       287,-2.032253558E-01, 4.357787137E-02, 0, 0, 0, 0
       288,-1.969515154E-01, 4.357787137E-02, 0, 0, 0, 0
       289,-1.906776751E-01, 4.357787137E-02, 0, 0, 0, 0
       290,-1.844038347E-01, 4.357787137E-02, 0, 0, 0, 0
       291,-1.781299943E-01, 4.357787137E-02, 0, 0, 0, 0
       292,-1.718561539E-01, 4.357787137E-02, 0, 0, 0, 0
       293,-1.655823135E-01, 4.357787137E-02, 0, 0, 0, 0
       294,-1.593084732E-01, 4.357787137E-02, 0, 0, 0, 0
       295,-1.530346328E-01, 4.357787137E-02, 0, 0, 0, 0
       296,-1.467607924E-01, 4.357787137E-02, 0, 0, 0, 0
       297,-1.404869520E-01, 4.357787137E-02, 0, 0, 0, 0
       298,-1.342131117E-01, 4.357787137E-02, 0, 0, 0, 0
       299,-1.279392713E-01, 4.357787137E-02, 0, 0, 0, 0
       300,-1.216654309E-01, 4.357787137E-02, 0, 0, 0, 0
       301,-1.153915905E-01, 4.357787137E-02, 0, 0, 0, 0
       302,-1.091177501E-01, 4.357787137E-02, 0, 0, 0, 0
       303,-1.028439098E-01, 4.357787137E-02, 0, 0, 0, 0
       304,-9.657006937E-02, 4.357787137E-02, 0, 0, 0, 0
       305,-9.029622899E-02, 4.357787137E-02, 0, 0, 0, 0
       306,-8.402238861E-02, 4.357787137E-02, 0, 0, 0, 0
       307,-7.774854823E-02, 4.357787137E-02, 0, 0, 0, 0
       308,-7.147470785E-02, 4.357787137E-02, 0, 0, 0, 0
       309,-6.520086747E-02, 4.357787137E-02, 0, 0, 0, 0
       310,-5.892702709E-02, 4.357787137E-02, 0, 0, 0, 0
       311,-5.265318671E-02, 4.357787137E-02, 0, 0, 0, 0
       312,-4.637934634E-02, 4.357787137E-02, 0, 0, 0, 0
       313,-4.010550596E-02, 4.357787137E-02, 0, 0, 0, 0
       314,-3.383166558E-02, 4.357787137E-02, 0, 0, 0, 0
       315,-2.755782520E-02, 4.357787137E-02, 0, 0, 0, 0
       316,-2.128398482E-02, 4.357787137E-02, 0, 0, 0, 0
       317,-1.501014444E-02, 4.357787137E-02, 0, 0, 0, 0
       318,-8.736304057E-03, 4.357787137E-02, 0, 0, 0, 0
       319,-2.462463677E-03, 4.357787137E-02, 0, 0, 0, 0
       320, 3.812569726E-03, 4.357787137E-02, 0, 0, 0, 0
